10.4636 11.6699 9.1523 11.0387 7.0153 8.6378 9.8764 14.4047 11.3128 8.7990
10.5828 10.6777 8.8482 10.7684 7.0770 8.9205 10.2965 14.0267 10.2860 8.5028
10.0163 11.3302 8.6562 10.7610 7.9177 8.3541 10.0094 13.8624 10.3506 8.7793
9.3450 10.5678 8.1497 9.8106 6.5540 7.6312 9.9067 12.4142 9.8701 7.3619
8.2115 8.5188 6.8226 7.9068 5.3323 5.8842 7.1550 9.9971 7.3478 6.1016
10.6144 11.2412 9.8236 11.8442 7.7614 8.4326 10.5475 14.5327 11.1527 8.6443
10.7940 11.1811 8.7004 10.8774 7.4208 7.8919 10.4831 14.7258 10.8656 8.5066
8.8369 9.6762 8.4086 8.8721 6.2468 7.0406 9.0945 12.3528 9.1184 7.7768
9.7915 10.1078 8.5108 9.4525 7.2464 7.8699 9.1967 12.9256 10.2257 7.4294
13.1488 13.3997 10.9749 13.2273 9.0560 10.0217 12.6316 16.6346 13.5232 10.9734
